date||cumulative||total recovery||mortality||cumulative - (death+recoverde)
30 January	1	0	0	1
02 February	2	0	0	2
03 February	3	0	0	3
02 March	5	3	0	2
03 March	6	3	0	3
04 March	28	3	0	25
05 March	30	3	0	27
06 March	31	3	0	28
07 March	34	3	0	31
08 March	39	3	0	36
09 March	48	3	0	45
10 March	63	4	0	59
11 March	71	4	0	67
12 March	81	4	1	76
13 March	91	10	1	80
14 March	102	10	2	90
15 March	112	13	2	97
16 March	126	14	2	110
17 March	146	15	3	128
18 March	171	15	3	153
19 March	198	20	4	174
20 March	256	23	4	229
21 March	334	23	4	307
22 March	403	23	7	373
23 March	497	25	9	463
24 March	571	40	10	521
25 March	657	43	11	603
26 March	730	50	16	664
27 March	883	75	19	789
28 March	1019	85	24	910
29 March	1139	102	27	1010
30 March	1326	137	43	1146
31 March	1635	150	49	1436
01 April	2059	169	56	1834
02 April	2545	191	72	2282
03 April	3105	230	86	2789
04 April	3684	286	99	3299
05 April	4289	329	121	3839
06 April	4778	394	137	4247
07 April	5351	469	164	4718
08 April	5916	565	184	5167
09 April	6729	635	230	5864
10 April	7600	786	252	6562
11 April	8454	972	292	7190
12 April	9212	1086	334	7792
13 April	10455	1198	361	8896